0
0
40.2
48.8
46.1
49.3
0
0
45.9
49.3
50.7
46.4
45.9
0
49.3
0
0
46.9
39.7
0
0
45
45.1
47.4
0
45.7
38.3
0
0
45.6
44.1
0
0
42.9
0
0
40.2
48.8
46.1
49.3
0
0
45.9
49.3
50.7
46.4
45.9
0
49.3
0
0
46.9
39.7
0
0
45
45.1
47.4
0
45.7
38.3
0
0
45.6
44.1
0
0
42.9
0
0
40.2
48.8
46.1
49.3
0
0
45.9
49.3
50.7
46.4
45.9
0
49.3
0
0
46.9
39.7
0
0
45
45.1
47.4
0
45.7
38.3
0
0
45.6
44.1
0
0
42.9
0
0
40.2
48.8
46.1
49.3
0
0
45.9
49.3
50.7
46.4
45.9
0
49.3
0
0
46.9
39.7
0
0
45
45.1
47.4
0
45.7
38.3
0
0
45.6
44.1
0
0
42.9
0
0
40.2
48.8
46.1
49.3
0
0
45.9
49.3
50.7
46.4
45.9
0
49.3
0
0
46.9
39.7
0
0
45
45.1
47.4
0
45.7
38.3
0
0
45.6
44.1
0
0
42.9
0
0
40.2
48.8
46.1
49.3
0
0
45.9
49.3
50.7
46.4
45.9
0
49.3
0
0
46.9
39.7
0
0
45
45.1
47.4
0
45.7
38.3
0
0
45.6
44.1
0
0
42.9
0
0
40.2
48.8
46.1
49.3
0
0
45.9
49.3
50.7
46.4
45.9
0
49.3
0
0
46.9
39.7
0
0
45
45.1
47.4
0
45.7
38.3
0
0
45.6
44.1
0
0
42.9
0
0
40.2
48.8
46.1
49.3
0
0
45.9
49.3
50.7
46.4
45.9
0
49.3
0
0
46.9
39.7
0
0
45
45.1
47.4
0
45.7
38.3
0
0
45.6
44.1
0
0
42.9
0
0
40.2
48.8
46.1
49.3
0
0
45.9
49.3
50.7
46.4
45.9
0
49.3
0
0
46.9
39.7
0
0
45
45.1
47.4
0
45.7
38.3
0
0
45.6
44.1
0
0
42.9
0
0
40.2
48.8
46.1
49.3
0
0
45.9
49.3
50.7
46.4
45.9
0
49.3
0
0
46.9
39.7
0
0
45
45.1
47.4
0
45.7
38.3
0
0
45.6
44.1
0
0
42.9
0
0
0
40.2
48.8
46.1
49.3
0
0
45.9
49.3
50.7
46.4
45.9
0
49.3
0
0
46.9
39.7
0
0
45
45.1
47.4
0
45.7
38.3
0
0
45.6
44.1
0
0
42.9
0
0
40.2
48.8
46.1
49.3
0
0
45.9
49.3
50.7
46.4
45.9
0
49.3
0
0
46.9
39.7
0
0
45
45.1
47.4
0
45.7
38.3
0
0
45.6
44.1
0
0
42.9
0
0
40.2
48.8
46.1
49.3
0
0
45.9
49.3
50.7
46.4
45.9
0
49.3
0
0
46.9
39.7
0
0
45
45.1
47.4
0
45.7
38.3
0
0
45.6
44.1
0
0
42.9
0
0
40.2
48.8
46.1
49.3
0
0
45.9
49.3
50.7
46.4
45.9
0
49.3
0
0
46.9
39.7
0
0
45
45.1
47.4
0
45.7
38.3
0
0
45.6
44.1
0
0
42.9
0
0
40.2
48.8
46.1
49.3
0
0
45.9
49.3
50.7
46.4
45.9
0
49.3
0
0
46.9
39.7
0
0
45
45.1
47.4
0
45.7
38.3
0
0
45.6
44.1
0
0
42.9
0
0
0
40.2
48.8
46.1
49.3
0
0
45.9
49.3
50.7
46.4
45.9
0
49.3
0
0
46.9
39.7
0
0
45
45.1
47.4
0
45.7
38.3
0
0
45.6
44.1
0
0
42.9
0
0
40.2
48.8
46.1
49.3
0
0
45.9
49.3
50.7
46.4
45.9
0
49.3
0
0
46.9
39.7
0
0
45
45.1
47.4
0
45.7
38.3
0
0
45.6
44.1
0
0
42.9
0
0
40.2
48.8
46.1
49.3
0
0
45.9
49.3
50.7
46.4
45.9
0
49.3
0
0
46.9
39.7
0
0
45
45.1
47.4
0
45.7
38.3
0
0
45.6
44.1
0
0
42.9
0
0
40.2
48.8
46.1
49.3
0
0
45.9
49.3
50.7
46.4
45.9
0
49.3
0
0
46.9
39.7
0
0
45
45.1
47.4
0
45.7
38.3
0
0
45.6
44.1
0
0
42.9
42.4
42.4
0
0
0
0
51
49.4
0
0
0
0
0
47.2
0
42.6
48
0
0
55
49.2
0
0
0
46.8
0
0
42.2
46.8
0
0
49.2
47.4
0
42.4
42.4
0
0
0
0
51
49.4
0
0
0
0
0
47.2
0
42.6
48
0
0
55
49.2
0
0
0
46.8
0
0
42.2
46.8
0
0
49.2
47.4
0
42.4
42.4
0
0
0
0
51
49.4
0
0
0
0
0
47.2
0
42.6
48
0
0
55
49.2
0
0
0
46.8
0
0
42.2
46.8
0
0
49.2
47.4
0
42.4
42.4
0
0
0
0
51
49.4
0
0
0
0
0
47.2
0
42.6
48
0
0
55
49.2
0
0
0
46.8
0
0
42.2
46.8
0
0
49.2
47.4
0
42.4
42.4
0
0
0
0
51
49.4
0
0
0
0
0
47.2
0
42.6
48
0
0
55
49.2
0
0
0
46.8
0
0
42.2
46.8
0
0
49.2
47.4
0
42.4
42.4
0
0
0
0
51
49.4
0
0
0
0
0
47.2
0
42.6
48
0
0
55
49.2
0
0
0
46.8
0
0
42.2
46.8
0
0
49.2
47.4
0
42.4
42.4
0
0
0
0
51
49.4
0
0
0
0
0
47.2
0
42.6
48
0
0
55
49.2
0
0
0
46.8
0
0
42.2
46.8
0
0
49.2
47.4
0
42.4
42.4
0
0
0
0
51
49.4
0
0
0
0
0
47.2
0
42.6
48
0
0
55
49.2
0
0
0
46.8
0
0
42.2
46.8
0
0
49.2
47.4
0
42.4
42.4
0
0
0
0
51
49.4
0
0
0
0
0
47.2
0
42.6
48
0
0
55
49.2
0
0
0
46.8
0
0
42.2
46.8
0
0
49.2
47.4
0
42.4
42.4
0
0
0
0
51
49.4
0
0
0
0
0
47.2
0
42.6
48
0
0
55
49.2
0
0
0
46.8
0
0
42.2
46.8
0
0
49.2
47.4
0
42.4
42.4
0
0
0
0
51
49.4
0
0
0
0
0
47.2
0
42.6
48
0
0
55
49.2
0
0
0
46.8
0
0
42.2
46.8
0
0
49.2
47.4
0
42.4
42.4
0
0
0
0
51
49.4
0
0
0
0
0
47.2
0
42.6
48
0
0
55
49.2
0
0
0
46.8
0
0
42.2
46.8
0
0
49.2
47.4
0
42.4
42.4
0
0
0
0
51
49.4
0
0
0
0
0
47.2
0
42.6
48
0
0
55
49.2
0
0
0
46.8
0
0
42.2
46.8
0
0
49.2
47.4
0
42.4
42.4
0
0
0
0
51
49.4
0
0
0
0
0
47.2
0
42.6
48
0
0
55
49.2
0
0
0
46.8
0
0
42.2
46.8
0
0
49.2
47.4
0
NaN
