42.4
42.4
0
0
0
0
51
49.4
0
0
0
0
0
47.2
0
42.6
48
0
0
55
49.2
0
0
0
46.8
0
0
42.2
46.8
0
0
49.2
47.4
0
42.4
42.4
0
0
0
0
51
49.4
0
0
0
0
0
47.2
0
42.6
48
0
0
55
49.2
0
0
0
46.8
0
0
42.2
46.8
0
0
49.2
47.4
0
42.4
42.4
0
0
0
0
51
49.4
0
0
0
0
0
47.2
0
42.6
48
0
0
55
49.2
0
0
0
46.8
0
0
42.2
46.8
0
0
49.2
47.4
0
42.4
42.4
0
0
0
0
51
49.4
0
0
0
0
0
47.2
0
42.6
48
0
0
55
49.2
0
0
0
46.8
0
0
42.2
46.8
0
0
49.2
47.4
0
42.4
42.4
0
0
0
0
51
49.4
0
0
0
0
0
47.2
0
42.6
48
0
0
55
49.2
0
0
0
46.8
0
0
42.2
46.8
0
0
49.2
47.4
0
42.4
42.4
0
0
0
0
51
49.4
0
0
0
0
0
47.2
0
42.6
48
0
0
55
49.2
0
0
0
46.8
0
0
42.2
46.8
0
0
49.2
47.4
0
42.4
42.4
0
0
0
0
51
49.4
0
0
0
0
0
47.2
0
42.6
48
0
0
55
49.2
0
0
0
46.8
0
0
42.2
46.8
0
0
49.2
47.4
0
42.4
42.4
0
0
0
0
51
49.4
0
0
0
0
0
47.2
0
42.6
48
0
0
55
49.2
0
0
0
46.8
0
0
42.2
46.8
0
0
49.2
47.4
0
42.4
42.4
0
0
0
0
51
49.4
0
0
0
0
0
47.2
0
42.6
48
0
0
55
49.2
0
0
0
46.8
0
0
42.2
46.8
0
0
49.2
47.4
0
42.4
42.4
0
0
0
0
51
49.4
0
0
0
0
0
47.2
0
42.6
48
0
0
55
49.2
0
0
0
46.8
0
0
42.2
46.8
0
0
49.2
47.4
0
42.4
42.4
0
0
0
0
51
49.4
0
0
0
0
0
47.2
0
42.6
48
0
0
55
49.2
0
0
0
46.8
0
0
42.2
46.8
0
0
49.2
47.4
0
42.4
42.4
0
0
0
0
51
49.4
0
0
0
0
0
47.2
0
42.6
48
0
0
55
49.2
0
0
0
46.8
0
0
42.2
46.8
0
0
49.2
47.4
0
42.4
42.4
0
0
0
0
51
49.4
0
0
0
0
0
47.2
0
42.6
48
0
0
55
49.2
0
0
0
46.8
0
0
42.2
46.8
0
0
49.2
47.4
0
125.6
0
158.2
102
0
0
96.6
0
115.4
95.6
115
102
0
122.8
0
132.6
0
70.2
58.8
105.8
0
128.6
0
0
138.6
126.4
0
0
0
0
0
0
0
0
102.8
0
125
127.6
141
0
135.6
0
0
102.4
105.4
0
149
105.8
146
62
80.6
0
0
105.2
96.8
135
125
86.8
0
0
109
70
0
0
101.4
0
128
138
0
0
0
119.8
101.8
121.2
0
0
118.8
0
0
110
0
65.8
0
0
0
130.8
129.4
93.6
0
85.4
0
103.6
0
139.2
125.6
0
158.2
102
0
0
96.6
0
115.4
95.6
115
102
0
122.8
0
132.6
0
70.2
58.8
105.8
0
128.6
0
0
138.6
126.4
0
0
0
0
0
0
0
0
102.8
0
125
127.6
141
0
135.6
0
0
102.4
105.4
0
149
105.8
146
62
80.6
0
0
105.2
96.8
135
125
86.8
0
0
109
70
0
0
101.4
0
128
138
0
0
0
119.8
101.8
121.2
0
0
118.8
0
0
110
0
65.8
0
0
0
130.8
129.4
93.6
0
85.4
0
103.6
0
139.2
125.6
0
158.2
102
0
0
96.6
0
115.4
95.6
115
102
0
122.8
0
132.6
0
70.2
58.8
105.8
0
128.6
0
0
138.6
126.4
0
0
0
0
0
0
0
0
102.8
0
125
127.6
141
0
135.6
0
0
102.4
105.4
0
149
105.8
146
62
80.6
0
0
105.2
96.8
135
125
86.8
0
0
109
70
0
0
101.4
0
128
138
0
0
0
119.8
101.8
121.2
0
0
118.8
0
0
110
0
65.8
0
0
0
130.8
129.4
93.6
0
85.4
0
103.6
0
139.2
125.6
0
158.2
102
0
0
96.6
0
115.4
95.6
115
102
0
122.8
0
132.6
0
70.2
58.8
105.8
0
128.6
0
0
138.6
126.4
0
0
0
0
0
0
0
0
102.8
0
125
127.6
141
0
135.6
0
0
102.4
105.4
0
149
105.8
146
62
80.6
0
0
105.2
96.8
135
125
86.8
0
0
109
70
0
0
101.4
0
128
138
0
0
0
119.8
101.8
121.2
0
0
118.8
0
0
110
0
65.8
0
0
0
130.8
129.4
93.6
0
85.4
0
103.6
0
139.2
125.6
0
158.2
102
0
0
96.6
0
115.4
95.6
115
102
0
122.8
0
132.6
0
70.2
58.8
105.8
0
128.6
0
0
138.6
126.4
0
0
0
0
0
0
0
0
102.8
0
125
127.6
141
0
135.6
0
0
102.4
105.4
0
149
105.8
146
62
80.6
0
0
105.2
96.8
135
125
86.8
0
0
109
70
0
0
101.4
0
128
138
0
0
0
119.8
101.8
121.2
0
0
118.8
0
0
110
0
65.8
0
0
0
130.8
129.4
93.6
0
85.4
0
103.6
0
139.2
125.6
0
158.2
102
0
0
96.6
0
115.4
95.6
115
102
0
122.8
0
132.6
0
70.2
58.8
105.8
0
128.6
0
0
138.6
126.4
0
0
0
0
0
0
0
0
102.8
0
125
127.6
141
0
135.6
0
0
102.4
105.4
0
149
105.8
146
62
80.6
0
0
105.2
96.8
135
125
86.8
0
0
109
70
0
0
101.4
0
128
138
0
0
0
119.8
101.8
121.2
0
0
118.8
0
0
110
0
65.8
0
0
0
130.8
129.4
93.6
0
85.4
0
103.6
0
139.2
0
0
40.2
48.8
46.1
49.3
0
0
45.9
49.3
50.7
46.4
45.9
0
49.3
0
0
46.9
39.7
0
0
45
45.1
47.4
0
45.7
38.3
0
0
45.6
44.1
0
0
42.9
0
0
40.2
48.8
46.1
49.3
0
0
45.9
49.3
50.7
46.4
45.9
0
49.3
0
0
46.9
39.7
0
0
45
45.1
47.4
0
45.7
38.3
0
0
45.6
44.1
0
0
42.9
0
0
40.2
48.8
46.1
49.3
0
0
45.9
49.3
50.7
46.4
45.9
0
49.3
0
0
46.9
39.7
0
0
45
45.1
47.4
0
45.7
38.3
0
0
45.6
44.1
0
0
42.9
0
0
40.2
48.8
46.1
49.3
0
0
45.9
49.3
50.7
46.4
45.9
0
49.3
0
0
46.9
39.7
0
0
45
45.1
47.4
0
45.7
38.3
0
0
45.6
44.1
0
0
42.9
